-0.000000000000
0.000000000000
0.050000000000
0.000000000000
0.050000000000
-0.000000000000
0.043444752724
0.000000000000
0.000000000000
0.000000000000
0.000000000000
-0.000000000000
0.050000000000
0.000000000000
0.000000000000
0.000000000000
0.050000000000
0.050000000000
0.000000000000
0.000000000000
0.000000000000
0.000000000000
0.050000000000
0.000000000000
0.000000000000
0.000000000000
0.000000000000
0.000000000000
0.000000000000
0.049994781734
0.037986653094
-0.000000000000
0.000000000000
0.000000000000
0.000000000000
0.000000000000
0.000000000000
0.000000000000
0.050000000000
0.000000000000
0.050000000000
0.050000000000
0.050000000000
0.050000000000
0.024240618192
0.017488780031
0.012262614628
0.049997542458
0.000000000000
0.050000000000
0.050000000000
0.050000000000
0.050000000000
0.050000000000
0.041365393392
0.000000000000
0.000000000000
0.000000000000
0.050000000000
0.000000000000
0.000000000000
0.050000000000
0.000000000000
0.000000000000
0.050000000000
0.050000000000
0.050000000000
0.000000000000
-0.000000000000
0.050000000000
0.050000000000
0.050000000000
0.000000000000
0.000000000000
0.000000000000
-0.000000000000
0.000000000000
0.000000000000
0.000000000000
0.000000000000
0.050000000000
0.050000000000
-0.000000000000
0.000000000000
0.000000000000
0.000000000000
0.000000000000
0.000000000000
0.000000000000
0.000001129623
0.000000000000
0.000000000000
0.000000000000
0.000000000000
0.000000000000
0.000000000000
0.050000000000
0.000000000000
0.000000000000
-0.000000000000
0.050000000000
0.000000000000
0.000000000000
0.000000000000
-0.000000000000
0.000000000000
0.000000000000
0.036896943949
0.000000000000
0.000000000000
0.000000000000
0.000000000000
0.000000000000
0.000000000000
0.000000000000
0.000000000000
0.000000000000
0.000000000000
0.050000000000
0.000000000000
0.000000000000
0.000000000000
0.050000000000
0.050000000000
0.049824404047
0.000000000000
0.031237023195
0.000000000000
0.050000000000
0.050000000000
0.050000000000
0.000000000000
0.000000000000
0.000000000000
0.000000000000
0.000000000000
0.000000000000
0.000000000000
0.050000000000
0.017267513893
0.000000000000
0.000000000000
0.000000000000
0.019960019163
0.000000000000
0.000000000000
0.000000000000
0.000000000000
0.000000000000
0.000000000000
0.050000000000
0.000000000000
0.000000000000
0.000000000000
0.000000000000
0.000000000000
0.000000000000
0.000000000000
-0.000000000000
0.000000000000
0.000000000000
0.000000000000
0.000000000000
0.000000000000
0.000000000000
0.000000000000
0.000000000000
0.000000000000
0.000000000000
-0.000000000000
0.000000000000
0.050000000000
0.028624451287
0.003742801641
0.000000000000
0.050000000000
0.031337775451
0.000000000000
0.050000000000
0.050000000000
0.000000000000
0.000000000000
0.000000000000
0.050000000000
0.000000000000
0.000000000000
0.000000000000
0.000000000000
0.000000000000
0.000000000000
0.000000000000
0.000000000000
0.000000000000
0.050000000000
0.000000000000
0.000000000000
0.050000000000
0.000000000000
-0.000000000000
0.039241415919
0.000000000000
0.000000000000
0.000000000000
0.050000000000
-0.000000000000
0.010817601050
0.000000000000
-0.000000000000
0.000000000000
0.014432595956
-0.000000000000
0.000000000000
0.050000000000
0.000000000000
0.000000000000
-0.000000000000
0.000000000000
0.000000000000
0.045408564309
0.000000000000
0.000000000000
0.000000000000
2.758958206781
